1.441299452698877967e-10
6.833227434110508220e-11
3.886512172188725926e-11
2.484495948034697231e-11
1.722574507310511841e-11
1.266523543360410498e-11
9.736696778832606122e-12
7.748977723449219989e-12
6.334285952042043721e-12
5.294986993560984706e-12
4.505651300948181864e-12
3.891486299678492401e-12
3.404759885429753991e-12
3.011804455419951415e-12
2.688497278132972164e-12
2.420073945289761835e-12
2.193870298496545915e-12
2.001682758939849367e-12
1.836884807778366726e-12
1.694404650534115316e-12
1.569937386848435910e-12
1.460690968476646961e-12
1.364325606473735182e-12
1.278797696979386666e-12
1.202292207853871684e-12
1.133612208755098425e-12
1.071755853810352054e-12
1.015883533226786300e-12
9.651961962315214317e-13
9.189558605380905479e-13
8.766688178056752487e-13
8.379024281798690572e-13
8.022433017730330766e-13
7.693550485645993350e-13
7.389205285007679451e-13
7.106490115830598316e-13
6.843554080342827013e-13
6.598810381325661831e-13
6.370672221560394017e-13
6.157614397794673447e-13
5.958358082641577467e-13
5.771686042680538020e-13
5.596381044490988056e-13
5.431318257536294658e-13
5.275742462815566478e-13
5.128990844211840242e-13
4.990400585608160751e-13
4.859308870887566751e-13
4.735097539937922076e-13
4.617327056666375774e-13
4.505602540984899963e-13
4.399529112805467267e-13
4.298711892040049299e-13
4.202776469191971196e-13
4.111430317129965623e-13
4.024401379314123310e-13
3.941417599204528930e-13
3.862206920261271699e-13
3.786497285944438815e-13
3.714036864847202841e-13
3.644654726095077802e-13
3.578200163946663598e-13
3.514522472660560126e-13
3.453470946495367787e-13
3.394894879709684966e-13
3.338643566562112570e-13
3.284576203255268178e-13
3.232591593767844133e-13
3.182598444022552983e-13
3.134505459942103238e-13
3.088221347449207952e-13
3.043654812466577150e-13
3.000714560916922369e-13
2.959309298722954645e-13
2.919353562300260027e-13
2.880785210035925637e-13
2.843547930809914118e-13
2.807585413502187607e-13
2.772841346992708242e-13
2.739259420161438666e-13
2.706783321888341016e-13
2.675356741053377936e-13
2.644926519989738689e-13
2.615452114843520043e-13
2.586896135214046397e-13
2.559221190700642148e-13
2.532389890902630686e-13
2.506364845419336915e-13
2.481108663850085232e-13
2.456583955794198523e-13
2.432753330851002195e-13
2.409581912677762155e-13
2.387044881163516394e-13
2.365119930255243909e-13
2.343784753899925712e-13
2.323017046044539789e-13
2.302794500636068164e-13
2.283094811621489326e-13
2.263895672947783029e-13
2.245174778561930033e-13
2.226909822410909587e-13
2.209078498441701441e-13
2.191659875830969621e-13
2.174638524674111708e-13
2.158000390296210314e-13
2.141731418022347294e-13
2.125817553177603491e-13
2.110244741087062528e-13
2.094998927075804996e-13
2.080066056468914012e-13
2.065432074591470168e-13
2.051082926768556076e-13
2.037004558325253590e-13
2.023182914586644817e-13
2.009604872365254687e-13
1.996261034423381189e-13
1.983142935010766149e-13
1.970242108377150630e-13
1.957550088772275953e-13
1.945058410445883182e-13
1.932758607647714394e-13
1.920642214627510149e-13
1.908700765635012019e-13
1.896925794919961574e-13
1.885308836732100385e-13
1.873841425321169014e-13
1.862515094936909535e-13
1.851321952618351570e-13
1.840256396561681227e-13
1.829313397752371654e-13
1.818487927175897766e-13
1.807774955817733975e-13
1.797169454663353176e-13
1.786666394698231293e-13
1.776260746907841477e-13
1.765947482277658389e-13
1.755721571793155935e-13
1.745577986439808525e-13
1.735511697203090066e-13
1.725517675068474968e-13
1.715590891021437640e-13
1.705726316047451738e-13
1.695919341442646660e-13
1.686167039745772270e-13
1.676466903806231908e-13
1.666816426473429922e-13
1.657213100596771418e-13
1.647654419025659735e-13
1.638137874609499221e-13
1.628660960197694731e-13
1.619221168639649854e-13
1.609815992784768689e-13
1.600442925482456593e-13
1.591099459582116399e-13
1.581783087933153215e-13
1.572491303384970883e-13
1.563221598786974005e-13
1.553971466988566930e-13
1.544738400839152996e-13
1.535520159764103352e-13
1.526315569492652053e-13
1.517123722329999450e-13
1.507943710581346397e-13
1.498774626551892741e-13
1.489615562546839335e-13
1.480465610871386027e-13
1.471323863830733922e-13
1.462189413730083120e-13
1.453061352874633718e-13
1.443938773569586571e-13
1.434820768120142281e-13
1.425706428831500695e-13
1.416594848008862415e-13
1.407485117957428044e-13
1.398376330982397931e-13
1.389267579388972428e-13
1.380157955482351885e-13
1.371046551567736903e-13
1.361932632007793859e-13
1.352816149395054236e-13
1.343697228379516300e-13
1.334575993611176550e-13
1.325452569740033250e-13
1.316327081416084162e-13
1.307199653289326543e-13
1.298070410009758152e-13
1.288939476227376751e-13
1.279806976592179596e-13
1.270673035754165204e-13
1.261537778363330075e-13
1.252401329069672222e-13
1.243263812523189658e-13
1.234125353373879387e-13
1.224986076271739927e-13
1.215846105866768028e-13
1.206705566808961705e-13
1.197564583748318718e-13
1.188423281334836071e-13
1.179281784218512029e-13
1.170140306818914343e-13
1.160999422633892239e-13
1.151859794930865436e-13
1.142722086977253150e-13
1.133586962040475606e-13
1.124455083387951766e-13
1.115327114287101604e-13
1.106203718005344586e-13
1.097085557810100307e-13
1.087973296968788360e-13
1.078867598748828087e-13
1.069769126417639587e-13
1.060678543242641948e-13
1.051596512491255143e-13
1.042523697430898515e-13
1.033460761328991781e-13
1.024408367452954411e-13
1.015367179070206125e-13
1.006337859448166390e-13
9.973210718542549253e-14
9.883174795558913262e-14
9.793277458204949335e-14
9.703525339154855935e-14
9.613925320186076809e-14
9.524485279489044398e-14
9.435213344357445266e-14
9.346117642084960922e-14
9.257206299965279192e-14
9.168487445292076537e-14
9.079969205359040782e-14
8.991659707459852176e-14
8.903567078888198542e-14
8.815699446937758868e-14
8.728064938902218453e-14
8.640671682075261333e-14
8.553527803750570282e-14
8.466641431221826814e-14
8.380020691782716226e-14
8.293673712726922554e-14
8.207608621348128575e-14
8.121833544940015799e-14
8.036356610796269525e-14
7.951185946210572527e-14
7.866329678476608843e-14
7.781795934888059984e-14
7.697592842738611249e-14
7.613728529321944150e-14
7.530211121931745248e-14
7.447048747861693531e-14
7.364249244512105940e-14
7.281819289709815892e-14
7.199765271388289708e-14
7.118093577480992446e-14
7.036810595921390428e-14
6.955922714642947451e-14
6.875436321579128573e-14
6.795357804663398854e-14
6.715693551829227139e-14
6.636449951010072176e-14
6.557633390139406597e-14
6.479250257150691675e-14
6.401306939977392468e-14
6.323809826552975298e-14
6.246765304810906486e-14
6.170179762684651090e-14
6.094059588107671647e-14
6.018411169013437000e-14
5.943240893335409685e-14
5.868555149007057284e-14
5.794360323961844858e-14
5.720662806133236202e-14
5.647468983454697007e-14
5.574785243859694225e-14
5.502617975281691653e-14
5.430973565654154981e-14
5.359858402910549267e-14
5.289278874984340833e-14
5.219241369808993477e-14
5.149751620111649117e-14
5.080812737794150178e-14
5.012427179552011528e-14
4.944597402080754976e-14
4.877325862075895391e-14
4.810615016232950163e-14
4.744467321247438579e-14
4.678885233814876768e-14
4.613871210630783384e-14
4.549427708390675188e-14
4.485557183790069573e-14
4.422262093524484562e-14
4.359544894289437545e-14
4.297408042780445917e-14
4.235853995693027698e-14
4.174885209722700914e-14
4.114504141564982324e-14
4.054713247915388690e-14
3.995514985469439928e-14
3.936911810922652167e-14
3.878906180970542170e-14
3.821500552308629851e-14
3.764697381632430080e-14
3.708499125637461509e-14
3.652908241019242793e-14
3.597927184473290063e-14
3.543558412695121340e-14
3.489804382380255280e-14
3.436667550224207382e-14
3.384150372922496929e-14
3.332255307170640684e-14
3.280984809664156038e-14
3.230341337098561646e-14
3.180326581556989890e-14
3.130939176673036265e-14
3.082176991467913154e-14
3.034037894962832303e-14
2.986519756179004202e-14
2.939620444137640597e-14
2.893337827859953239e-14
2.847669776367154507e-14
2.802614158680454258e-14
2.758168843821064870e-14
2.714331700810198410e-14
2.671100598669065994e-14
2.628473406418879057e-14
2.586447993080848400e-14
2.545022227676187035e-14
2.504193979226105448e-14
2.463961116751815705e-14
2.424321509274528607e-14
2.385273025815456850e-14
2.346813535395810290e-14
2.308940907036801938e-14
2.271653009759642912e-14
2.234947712585544330e-14
2.198822884535718572e-14
2.163276394631376440e-14
2.128306111893729368e-14
2.093909905343989421e-14
2.060085644003367715e-14
2.026831196893076632e-14
1.994144433034326343e-14
1.962023221448328912e-14
1.930465431156296404e-14
1.899468931179440252e-14
1.869031590538971258e-14
1.839151278256101488e-14
1.809825863352042374e-14
1.781053214848005350e-14
1.752830692269870026e-14
1.725153617162184613e-14
1.698016801574168025e-14
1.671415057555036334e-14
1.645343197154006243e-14
1.619796032420296035e-14
1.594768375403121781e-14
1.570255038151701133e-14
1.546250832715251109e-14
1.522750571142988729e-14
1.499749065484131012e-14
1.477241127787895293e-14
1.455221570103498907e-14
1.433685204480157927e-14
1.412626842967090948e-14
1.392041297613513730e-14
1.371923380468644079e-14
1.352267903581699331e-14
1.333069679001895873e-14
1.314323518778451357e-14
1.296024234960582644e-14
1.278166639597506910e-14
1.260745544738441175e-14
1.243755762432602932e-14
1.227192104729208727e-14
1.211049383677476052e-14
1.195322411326621927e-14
1.180005999725863370e-14
1.165094960924417560e-14
1.150584106971501515e-14
1.136468249916332569e-14
1.122742201808127586e-14
1.109400774696104057e-14
1.096438780629478528e-14
1.083851031657468334e-14
1.071632339829290810e-14
1.059777517194162817e-14
1.048281375801301691e-14
1.037138727699924134e-14
1.026344328509388666e-14
1.015892708129616327e-14
1.005778340030669974e-14
9.959956976826119895e-15
9.865392545555044398e-15
9.774034841194104967e-15
9.685828598443919118e-15
9.600718552005115409e-15
9.518649436578317666e-15
9.439565986864149715e-15
9.363412937563236959e-15
9.290135023376203225e-15
9.219676979003673915e-15
9.151983539146271279e-15
9.086999438504623874e-15
9.024669411779352372e-15
8.964938193671083753e-15
8.907750518880443421e-15
8.853051122108050468e-15
8.800784738054535032e-15
8.750896101420520939e-15
8.703329946906630435e-15
8.658031009213488926e-15
8.614944023041721813e-15
8.574013723091952924e-15
8.535184844064806084e-15
8.498402120660909852e-15
8.463610287580883320e-15
8.430754079525353471e-15
8.399778231194944129e-15
8.370627477290280698e-15
8.343246552511988582e-15
8.317580191560691606e-15
8.293573129137012019e-15
8.271170099941576802e-15
8.250315838675011359e-15
8.230955080037937937e-15
8.213032558730983518e-15
8.196493009454768772e-15
8.181284062180429241e-15
8.167364927961134709e-15
8.154697713120563522e-15
8.143244523982389292e-15
8.132967466870291942e-15
8.123828648107949817e-15
8.115790174019036528e-15
8.108814150927233576e-15
8.102862685156214574e-15
8.097897883029662600e-15
8.093881850871251265e-15
8.090776695004657338e-15
8.088544521753560740e-15
8.087147437441636663e-15
8.086547548392565028e-15
8.086706960930017869e-15
8.087587781377681422e-15
8.089152116059227719e-15
8.091362071298331951e-15
8.094179753418677196e-15
8.097567268743935489e-15
8.101486723597789907e-15
8.105900224303915640e-15
8.110769877185986300e-15
8.116057788567684967e-15
8.121726064772686828e-15
8.127736812124667075e-15
8.134052136947307207e-15
8.140634145564282414e-15
8.147444944299269465e-15
8.154446639475949859e-15
8.161601337417995630e-15
8.168871144449086702e-15
8.176218166892902998e-15
8.183604511073116551e-15
8.190992283313410441e-15
8.198343589937456701e-15
8.205620537268938409e-15
8.212785231631527601e-15
8.219803833774255375e-15
8.226658722147538607e-15
8.233336329627154815e-15
8.239823089088868895e-15
8.246105433408455210e-15
8.252169795461684968e-15
8.258002608124324642e-15
8.263590304272151751e-15
8.268919316780931191e-15
8.273976078526438903e-15
8.278747022384441361e-15
8.283218581230711350e-15
8.287377187941021654e-15
8.291209275391140326e-15
8.294701276456840151e-15
8.297839624013892337e-15
8.300610750938064934e-15
8.303001090105130728e-15
8.304997074390860927e-15
8.306585136671026737e-15
8.307751709821399366e-15
8.308483226717746866e-15
8.308766120235843600e-15
8.308586823251459197e-15
8.307931768640363287e-15
8.306787389278330232e-15
8.305140118041128085e-15
8.302976387804526475e-15
8.300282631444299764e-15
8.297045281836216006e-15
8.293250771856049561e-15
8.288885534379568483e-15
8.283936002282543979e-15
8.278388608440748833e-15
8.272229785729951098e-15
8.265445967025921980e-15
8.258023585204437421e-15
8.249949073141260739e-15
8.241208863712169452e-15
8.231792531997868275e-15
8.221702221898819614e-15
8.210943219520420961e-15
8.199520810968071386e-15
8.187440282347168379e-15
8.174706919763109434e-15
8.161326009321296775e-15
8.147302837127124737e-15
8.132642689285993969e-15
8.117350851903301961e-15
8.101432611084446206e-15
8.084893252934827350e-15
8.067738063559844464e-15
8.049972329064888727e-15
8.031601335555367097e-15
8.012630369136673912e-15
7.993064715914208240e-15
7.972909661993369151e-15
7.952170493479552558e-15
7.930852496478160687e-15
7.908960957094587873e-15
7.886501161434234765e-15
7.863478395602502008e-15
7.839897945704782362e-15
7.815765097846479629e-15
7.791085138132986567e-15
7.765863352669706980e-15
7.740105027562036781e-15
7.713815448915373461e-15
7.686999902835117668e-15
7.659663675426665316e-15
7.631812052795417052e-15
7.603450321046768789e-15
7.574583766286122754e-15
7.545217674618874859e-15
7.515357332150421018e-15
7.485008024986163457e-15
7.454175039231498090e-15
7.422863660991827140e-15
7.391080391511613804e-15
7.358836592591610913e-15
7.326144841171637001e-15
7.293017714191507448e-15
7.259467788591047100e-15
7.225507641310069759e-15
7.191149849288398691e-15
7.156406989465849277e-15
7.121291638782243208e-15
7.085816374177399017e-15
7.049993772591136028e-15
7.013836410963271199e-15
6.977356866233626220e-15
6.940567715342017260e-15
6.903481535228266796e-15
6.866110902832190998e-15
6.828468395093610767e-15
6.790566588952344638e-15
6.752418061348211145e-15
6.714035389221031191e-15
6.675431149510621731e-15
6.636617919156801302e-15
6.597608275099390804e-15
6.558414794278209561e-15
6.519050053633074530e-15
6.479526630103806613e-15
6.439857100630222767e-15
6.400054042152144681e-15
6.360130031609390103e-15
6.320097645941778355e-15
6.279969462089127973e-15
6.239758056991258280e-15
6.199476007587988600e-15
6.159135890819137467e-15
6.118750283624523417e-15
6.078331762943967352e-15
6.037892905717288593e-15
5.997446288884303311e-15
5.957004489384832406e-15
5.916579590169790147e-15
5.876181698234470577e-15
5.835820426585264265e-15
5.795505388228560988e-15
5.755246196170749736e-15
5.715052463418221864e-15
5.674933802977366362e-15
5.634899827854573796e-15
5.594960151056232367e-15
5.555124385588733430e-15
5.515402144458468343e-15
5.475803040671822937e-15
5.436336687235191725e-15
5.397012697154960541e-15
5.357840683437523106e-15
5.318830259089265254e-15
5.279991037116580709e-15
5.241332630525856092e-15
5.202864652323482760e-15
5.164596715515852067e-15
5.126538433109351427e-15
5.088699418110372982e-15
5.051089283525303357e-15
5.013717642360537062e-15
4.976594107622459142e-15
4.939728292317464109e-15
4.903129809451937796e-15
4.866808272032272348e-15
4.830773293064857542e-15
4.795034485556082369e-15
4.759601462512338184e-15
4.724483836940013188e-15
4.689691221845498735e-15
4.655233230235183816e-15
4.621119475115458209e-15
4.587359569492711691e-15
4.553963126373335619e-15
4.520939758763718192e-15
4.488299079670250767e-15
4.456049400111239258e-15
4.424193823152665168e-15
4.392734149872424558e-15
4.361672181348413489e-15
4.331009718658528812e-15
4.300748562880669744e-15
4.270890515092731557e-15
4.241437376372611890e-15
4.212390947798207594e-15
4.183753030447414729e-15
4.155525425398132513e-15
4.127709933728255430e-15
4.100308356515682695e-15
4.073322494838309582e-15
4.046754149774036097e-15
4.020605122400755144e-15
3.994877213796365942e-15
3.969572225038766129e-15
3.944691957205850978e-15
3.920238211375519705e-15
3.896212788625666794e-15
3.872617490034190674e-15
3.849454116678988982e-15
3.826724469637957782e-15
3.804430349988994711e-15
3.782573558809995042e-15
3.761155897178857203e-15
3.740179166173479622e-15
3.719645166871757572e-15
3.699555700351587903e-15
3.679912567690868254e-15
3.660717569967495475e-15
3.641972508259366417e-15
3.623679183644378718e-15
3.605839397200428440e-15
3.588454950005414011e-15
3.571527643137231492e-15
3.555059277673776945e-15
3.539051654692949586e-15
3.523505460581387298e-15
3.508416922960700768e-15
3.493781154761242110e-15
3.479593268913362650e-15
3.465848378347416077e-15
3.452541595993754113e-15
3.439668034782728871e-15
3.427222807644693254e-15
3.415201027509998192e-15
3.403597807308997376e-15
3.392408259972042922e-15
3.381627498429486548e-15
3.371250635611680762e-15
3.361272784448978073e-15
3.351689057871730990e-15
3.342494568810291231e-15
3.333684430195010516e-15
3.325253754956242931e-15
3.317197656024339407e-15
3.309511246329652847e-15
3.302189638802535758e-15
3.295227946373339466e-15
3.288621281972416479e-15
3.282364758530120094e-15
3.276453488976801243e-15
3.270882586242813221e-15
3.265647163258508143e-15
3.260742332954238123e-15
3.256163208260355669e-15
3.251904902107212500e-15
3.247962527425161915e-15
3.244331197144555631e-15
3.241006024195745369e-15
3.237982121509084426e-15
3.235254602014924916e-15
3.232818578643618558e-15
3.230669164325517465e-15
3.228801471990975725e-15
3.227210614570343479e-15
3.225891330595503013e-15
3.224836861004448634e-15
3.224040072336706790e-15
3.223493831131799592e-15
3.223191003929251914e-15
3.223124457268588233e-15
3.223287057689332632e-15
3.223671671731009194e-15
3.224271165933142793e-15
3.225078406835257511e-15
3.226086260976877038e-15
3.227287594897525851e-15
3.228675275136728034e-15
3.230242168234008459e-15
3.231981140728890815e-15
3.233885059160898791e-15
3.235946790069558048e-15
3.238159199994391880e-15
3.240515155474924372e-15
3.243007523050680790e-15
3.245629169261184428e-15
3.248372960645959765e-15
3.251231763744531277e-15
3.254198445096423049e-15
3.257265871241159165e-15
3.260426908718263312e-15
3.263674424067260757e-15
3.267001283827676374e-15
3.270400354539032273e-15
3.273864502740854510e-15
3.277386594972665985e-15
3.280959497773991964e-15
3.284576077684356531e-15
3.288229201243283770e-15
3.291911734990297370e-15
3.295616545464922596e-15
3.299336499206683139e-15
3.303064462755102687e-15
3.306793302649706507e-15
3.310516248157461810e-15
3.314227979455109895e-15
3.317923539446836373e-15
3.321597971036824487e-15
3.325246317129260636e-15
3.328863620628329248e-15
3.332444924438214749e-15
3.335985271463102749e-15
3.339479704607177282e-15
3.342923266774623957e-15
3.346311000869627201e-15
3.349637949796371441e-15
3.352899156459042683e-15
3.356089663761824169e-15
3.359204514608903087e-15
3.362238751904461893e-15
3.365187418552686986e-15
3.368045557457762398e-15
3.370808211523873344e-15
3.373470423655204647e-15
3.376027236755941128e-15
3.378473693730268002e-15
3.380804837482369697e-15
3.383015710916431033e-15
3.385101356936637227e-15
3.387056818447172706e-15
3.388877138352222291e-15
3.390557359555971593e-15
3.392092524962604249e-15
3.393477677476306263e-15
3.394707860001262065e-15
3.395778115441656473e-15
3.396683486701674311e-15
3.397419016685500398e-15
3.397979748297319558e-15
3.398360724441317005e-15
3.398556988021677561e-15
3.398563581942585652e-15
3.398375549108226496e-15
3.397988635120625973e-15
3.397401396373176578e-15
3.396613091957111074e-15
3.395622980963662226e-15
3.394430322484063983e-15
3.393034375609549899e-15
3.391434399431352738e-15
3.389629653040705659e-15
3.387619395528841822e-15
3.385402885986994780e-15
3.382979383506397694e-15
3.380348147178283721e-15
3.377508436093886416e-15
3.374459509344438149e-15
3.371200626021173262e-15
3.367731045215324916e-15
3.364050026018125086e-15
3.360156827520808114e-15
3.356050708814607555e-15
3.351730928990756172e-15
3.347196747140485943e-15
3.342447422355032392e-15
3.337482213725627891e-15
3.332300380343504810e-15
3.326901181299897097e-15
3.321283875686038699e-15
3.315447722593161594e-15
3.309391981112499729e-15
3.303115910335285869e-15
3.296618769352754356e-15
3.289899817256136773e-15
3.282958313136668250e-15
3.275793516085579975e-15
3.268404685194107079e-15
3.260791079553481538e-15
3.252951958254937300e-15
3.244886580389707131e-15
3.236594205049024583e-15
3.228074091324122816e-15
3.219326084368670779e-15
3.210352373586079003e-15
3.201155734442196566e-15
3.191738942402867424e-15
3.182104772933940655e-15
3.172256001501261792e-15
3.162195403570679125e-15
3.151925754608038581e-15
3.141449830079186477e-15
3.130770405449971502e-15
3.119890256186239579e-15
3.108812157753836634e-15
3.097538885618611748e-15
3.086073215246409663e-15
3.074417922103079064e-15
3.062575781654465089e-15
3.050549569366416028e-15
3.038342060704778201e-15
3.025956031135398718e-15
3.013394256124124291e-15
3.000659511136802030e-15
2.987754571639278648e-15
2.974682213097401255e-15
2.961445210977016563e-15
2.948046340743971287e-15
2.934488377864112930e-15
2.920774097803287811e-15
2.906906276027343039e-15
2.892887688002126118e-15
2.878721109193482576e-15
2.864409315067260708e-15
2.849955081089306042e-15
2.835361182725467265e-15
2.820630395441589120e-15
2.805765494703520292e-15
2.790769255977107101e-15
2.775644454728196261e-15
2.760393866422634881e-15
2.745020266526269674e-15
2.729526625520420826e-15
2.713916693948302409e-15
2.698194417368601177e-15
2.682363741340002702e-15
2.666428611421195710e-15
2.650392973170866561e-15
2.634260772147701220e-15
2.618035953910387627e-15
2.601722464017611351e-15
2.585324248028061119e-15
2.568845251500422897e-15
2.552289419993383045e-15
2.535660699065629501e-15
2.518963034275847836e-15
2.502200371182726776e-15
2.485376655344950709e-15
2.468495832321209151e-15
2.451561847670186885e-15
2.434578646950572242e-15
2.417550175721050793e-15
2.400480379540310871e-15
2.383373203967037652e-15
2.366232594559919864e-15
2.349062496877642682e-15
2.331866856478894833e-15
2.314649618922361495e-15
2.297414729766730210e-15
2.280166134570687734e-15
2.262907778892921608e-15
2.245643608292117799e-15
2.228377568326963456e-15
2.211113604556145728e-15
2.193855662538351368e-15
2.176607687832267133e-15
2.159373625996580169e-15
2.142157422589976839e-15
2.124963023171144684e-15
2.107794373298770065e-15
2.090655418531540130e-15
2.073549912420285167e-15
2.056480840484408802e-15
2.039450996235460165e-15
2.022463173184985232e-15
2.005520164844532344e-15
1.988624764725648661e-15
1.971779766339882523e-15
1.954987963198781484e-15
1.938252148813891913e-15
1.921575116696762942e-15
1.904959660358940939e-15
1.888408573311975036e-15
1.871924649067411996e-15
1.855510681136798190e-15
1.839169463031683537e-15
1.822903788263614011e-15
1.806716450344137956e-15
1.790610242784802923e-15
1.774587959097156269e-15
1.758652392792745546e-15
1.742806337383118899e-15
1.727052586379823290e-15
1.711393933294406666e-15
1.695833171638416777e-15
1.680373094923400584e-15
1.665016496660906626e-15
1.649766170362481866e-15
1.634624909539674052e-15
1.619595507704031132e-15
1.604680758367100068e-15
1.589883455040429201e-15
1.575206391235565295e-15
1.560652360464056891e-15
1.546224156237450948e-15
1.531924572067295217e-15
1.517756401465137448e-15
1.503722437942525194e-15
1.489825475011006206e-15
1.476068306182127641e-15
1.462453348690778750e-15
1.448981514665213400e-15
1.435653339957027155e-15
1.422469360417814790e-15
1.409430111899171474e-15
1.396536130252692773e-15
1.383787951329973460e-15
1.371186110982609691e-15
1.358731145062195454e-15
1.346423589420327100e-15
1.334263979908599207e-15
1.322252852378607144e-15
1.310390742681946275e-15
1.298678186670211377e-15
1.287115720194998408e-15
1.275703879107902144e-15
1.264443199260517555e-15
1.253334216504440405e-15
1.242377466691265664e-15
1.231573485672588701e-15
1.220922809300004487e-15
1.210425973425108586e-15
1.200083513899496169e-15
1.189895966574762206e-15
1.179863867302502066e-15
1.169987751934310918e-15
1.160268156321783931e-15
1.150705616316516669e-15
1.141300667770104106e-15
1.132053846534141607e-15
1.122965688460224145e-15
1.114036729399947086e-15
1.105267505204905799e-15
1.096658551726695451e-15
1.088210404816911214e-15
1.079923600327148256e-15
1.071798674109001747e-15
1.063836162014067251e-15
1.056036599893939741e-15
1.048400202718052198e-15
1.040925901927188063e-15
1.033612308079969182e-15
1.026458031735016414e-15
1.019461683450951209e-15
1.012621873786395215e-15
1.005937213299969488e-15
9.994063125502952828e-16
9.930277820959938516e-16
9.868002324956874343e-16
9.807222743079964955e-16
9.747925180915422886e-16
9.690095744049468559e-16
9.633720538068306620e-16
9.578785668558161436e-16
9.525277241105237655e-16
9.473181361295749781e-16
9.422484134715916267e-16
9.373171666951945702e-16
9.325230063590052593e-16
9.278645430216451447e-16
9.233403872417356770e-16
9.189491495778979126e-16
9.146894405887533019e-16
9.105598708329230986e-16
9.065590508690289504e-16
9.026855912556919137e-16
8.989381025515334390e-16
8.953151953151749771e-16
8.918154801052375842e-16
8.884375674803429081e-16
8.851800679991120052e-16
8.820415922201664247e-16
8.790207507021275185e-16
8.761161540036165403e-16
8.733264126832548421e-16
8.706501372996638745e-16
8.680859384114648909e-16
8.656324265772791449e-16
8.632880939507594009e-16
8.610509590656835803e-16
8.589189220508606224e-16
8.568898830350996638e-16
8.549617421472098410e-16
8.531323995160003893e-16
8.513997552702802479e-16
8.497617095388586521e-16
8.482161624505448370e-16
8.467610141341476433e-16
8.453941647184765035e-16
8.441135143323402583e-16
8.429169631045481428e-16
8.418024111639091951e-16
8.407677586392328475e-16
8.398109056593278421e-16
8.389297523530035127e-16
8.381221988490687987e-16
8.373861452763330339e-16
8.367194917636053548e-16
8.361201384396947008e-16
8.355859854334102083e-16
8.351149328735611127e-16
8.347048808889564519e-16
8.343537296084053624e-16
8.340593791607170794e-16
8.338197296747005422e-16
8.336326812791650847e-16
8.334961341029194489e-16
8.334079882747732645e-16
8.333661439235351750e-16
8.333685011780146128e-16
8.334129601670205172e-16
8.334974210193623207e-16
8.336197838638486667e-16
8.337779488292891849e-16
8.339698160444925187e-16
8.341932856382681992e-16
8.344462577394249685e-16
8.347267192838756756e-16
8.350330044359465393e-16
8.353635341670674913e-16
8.357167294486678711e-16
8.360910112521779060e-16
8.364848005490271330e-16
8.368965183106454835e-16
8.373245855084627901e-16
8.377674231139083928e-16
8.382234520984125186e-16
8.386910934334047045e-16
8.391687680903145861e-16
8.396548970405723907e-16
8.401479012556075565e-16
8.406462017068500149e-16
8.411482193657294016e-16
8.416523752036754506e-16
8.421570901921180934e-16
8.426607853024869655e-16
8.431618815062119983e-16
8.436587997747229261e-16
8.441499610794492856e-16
8.446337863918212057e-16
8.451086966832681245e-16
8.455731129252200721e-16
8.460254560891067827e-16
8.464641471463578918e-16
8.468876070684032322e-16
8.472942568266724395e-16
8.476825173925956422e-16
8.480508097376023774e-16
8.483975548331224778e-16
8.487211736505855789e-16
8.490200871614216123e-16
8.492927163370602133e-16
8.495374821489313135e-16
8.497528055684645483e-16
8.499371075670898492e-16
8.500888091162368518e-16
8.502065201901635985e-16
8.502896067744417602e-16
8.503376238574711186e-16
8.503501264276512586e-16
8.503266694733819620e-16
8.502668079830633065e-16
8.501700969450948768e-16
8.500360913478766520e-16
8.498643461798081182e-16
8.496544164292893531e-16
8.494058570847202373e-16
8.491182231345000595e-16
8.487910695670291934e-16
8.484239513707070263e-16
8.480164235339336361e-16
8.475680410451086074e-16
8.470783588926319193e-16
8.465469320649033538e-16
8.459733155503223968e-16
8.453570643372893234e-16
8.446977334142035210e-16
8.439948777694650673e-16
8.432480523914737442e-16
8.424568122686289392e-16
8.416207123893310259e-16
8.407393077419793916e-16
8.398121533149740156e-16
8.388388040967146797e-16
8.378188150756011659e-16
8.367517412400333545e-16
8.356371375784107318e-16
8.344745590791334740e-16
8.332635607306010672e-16
8.320036975212136878e-16
8.306945244393707232e-16
8.293355964734721525e-16
8.279264686119178562e-16
8.264666958431075177e-16
8.249558331554409188e-16
8.233936014382646103e-16
8.217803851847127115e-16
8.201167347888655190e-16
8.184032006448036252e-16
8.166403331466077210e-16
8.148286826883583003e-16
8.129687996641363499e-16
8.110612344680220677e-16
8.091065374940960460e-16
8.071052591364390746e-16
8.050579497891318443e-16
8.029651598462546518e-16
8.008274397018882867e-16
7.986453397501134399e-16
7.964194103850105065e-16
7.941502020006601777e-16
7.918382649911430458e-16
7.894841497505396045e-16
7.870884066729307421e-16
7.846515861523968538e-16
7.821742385830184332e-16
7.796569143588763687e-16
7.771001638740511539e-16
7.745045375226232827e-16
7.718705856986734461e-16
7.691988587962823351e-16
7.664899072095303447e-16
7.637442813324981661e-16
7.609625315592664902e-16
7.581452082839157122e-16
7.552928619005267202e-16
7.524060428031798109e-16
7.494853013859556752e-16
7.465311880429352014e-16
7.435442531681985873e-16
7.405250471558268199e-16
7.374741203999000970e-16
7.343920232944994055e-16
7.312793062337049433e-16
7.281365829703626129e-16
7.249647206923781764e-16
7.217646499464224100e-16
7.185373012791658930e-16
7.152836052372795989e-16
7.120044923674342053e-16
7.087008932163005873e-16
7.053737383305495212e-16
7.020239582568516847e-16
6.986524835418780513e-16
6.952602447322991016e-16
6.918481723747860062e-16
6.884171970160092459e-16
6.849682492026394982e-16
6.815022594813480325e-16
6.780201583988052308e-16
6.745228765016819679e-16
6.710113443366488230e-16
6.674864924503771641e-16
6.639492513895371759e-16
6.604005517007999305e-16
6.568413239308361056e-16
6.532724986263164776e-16
6.496950063339119214e-16
6.461097776002932134e-16
6.425177429721311299e-16
6.389198329960961513e-16
6.353169782188595472e-16
6.317101091870917979e-16
6.281001564474636798e-16
6.244880505466461665e-16
6.208747220313100343e-16
6.172611014481256651e-16
6.136481193437643283e-16
6.100367062648966029e-16
6.064277927581930682e-16
6.028223093703249934e-16
5.992211866479627606e-16
5.956253551377772445e-16
5.920357035021832283e-16
5.884529528665704373e-16
5.848777824720732935e-16
5.813108715598254304e-16
5.777528993709610728e-16
5.742045451466139529e-16
5.706664881279180982e-16
5.671394075560075367e-16
5.636239826720160001e-16
5.601208927170777136e-16
5.566308169323265076e-16
5.531544345588964100e-16
5.496924248379215471e-16
5.462454670105353549e-16
5.428142403178722558e-16
5.393994240010659817e-16
5.360016973012506588e-16
5.326217394595602165e-16
5.292602297171282880e-16
5.259178473150893941e-16
5.225952714945770696e-16
5.192931814967254407e-16
5.160122565626683382e-16
5.127531759335398883e-16
5.095166188504739216e-16
5.063032645546045645e-16
5.031137922870655489e-16
4.999488812889910012e-16
4.968092108015148505e-16
4.936954600657710260e-16
4.906083083228935555e-16
4.875484348140161710e-16
4.845165187802730973e-16
4.815132394627981650e-16
4.785392761027253033e-16
4.755953079411886387e-16
4.726820142193219029e-16
4.698000741782592224e-16
4.669501670591345264e-16
4.641328771584697560e-16
4.613484089943392949e-16
4.585968721402055388e-16
4.558783761695306862e-16
4.531930306557771328e-16
4.505409451724072743e-16
4.479222292928834079e-16
4.453369925906679291e-16
4.427853446392231351e-16
4.402673950120116189e-16
4.377832532824953817e-16
4.353330290241369671e-16
4.329168318103986722e-16
4.305347712147427448e-16
4.281869568106318765e-16
4.258734981715280192e-16
4.235945048708937657e-16
4.213500864821914626e-16
4.191403525788832591e-16
4.169654127344317479e-16
4.148253765222991277e-16
4.127203535159477941e-16
4.106504532888401428e-16
4.086157854144384709e-16
4.066164594662051249e-16
4.046525850176025497e-16
4.027242716420929438e-16
4.008316289131387523e-16
3.989747664042022722e-16
3.971537936887459978e-16
3.953688203402320784e-16
3.936199559321230081e-16
3.919073100378810350e-16
3.902309922309686531e-16
3.885911120848480611e-16
3.869877791729817039e-16
3.854211030688319280e-16
3.838911933458609811e-16
3.823981595775313575e-16
3.809420292164162417e-16
3.795225012315326630e-16
3.781391924710085381e-16
3.767917197829717343e-16
3.754797000155503163e-16
3.742027500168719542e-16
3.729604866350646632e-16
3.717525267182564587e-16
3.705784871145751587e-16
3.694379846721487292e-16
3.683306362391050376e-16
3.672560586635720991e-16
3.662138687936776332e-16
3.652036834775497045e-16
3.642251195633162789e-16
3.632777938991050760e-16
3.623613233330441109e-16
3.614753247132613498e-16
3.606194148878847091e-16
3.597932107050420071e-16
3.589963290128612590e-16
3.582283866594702828e-16
3.574890004929970446e-16
3.567777873615695103e-16
3.560943641133154979e-16
3.554383475963629735e-16
3.548093546588398044e-16
3.542070021488740552e-16
3.536309069145934454e-16
3.530806858041259409e-16
3.525559556655996063e-16
3.520563333471421611e-16
3.515814356968816205e-16
3.511308795629458520e-16
3.507042817934628707e-16
3.503012592365604456e-16
3.499214287403665917e-16
3.495644071530092752e-16
3.492298113226162155e-16
3.489172297102382387e-16
3.486261372286167737e-16
3.483559804034163066e-16
3.481062057603008798e-16
3.478762598249348811e-16
3.476655891229826978e-16
3.474736401801085205e-16
3.472998595219766874e-16
3.471436936742514381e-16
3.470045891625970617e-16
3.468819925126779457e-16
3.467753502501582312e-16
3.466841089007023551e-16
3.466077149899745077e-16
3.465456150436390273e-16
3.464972555873601537e-16
3.464620831468022250e-16
3.464395442476294810e-16
3.464290854155062599e-16
3.464301531760968507e-16
3.464421940550655424e-16
3.464646545780766240e-16
3.464969812707943844e-16
3.465386206588830140e-16
3.465890192680070483e-16
3.466476236238304804e-16
3.467138802520177966e-16
3.467872356782331872e-16
3.468671364281410399e-16
3.469530290274055941e-16
3.470443600016910897e-16
3.471405758766618650e-16
3.472411231779822581e-16
3.473454484313164595e-16
3.474529981623288568e-16
3.475632188966836896e-16
3.476755571600452468e-16
3.477894594780778176e-16
3.479043723764456908e-16
3.480197692447645127e-16
3.481352309284553091e-16
3.482503651368905123e-16
3.483647795794423577e-16
3.484780819654833760e-16
3.485898800043858519e-16
3.486997814055221684e-16
3.488073938782647579e-16
3.489123251319859048e-16
3.490141828760580908e-16
3.491125748198536497e-16
3.492071086727449647e-16
3.492973921441044186e-16
3.493830329433041975e-16
3.494636387797170789e-16
3.495388173627150513e-16
3.496081764016707444e-16
3.496713236059563933e-16
3.497278666849444305e-16
3.497774133480072883e-16
3.498195713045172511e-16
3.498539482638467021e-16
3.498801519353680737e-16
3.498977900284536502e-16
3.499064702524759135e-16
3.499058003168071972e-16
3.498953879308198845e-16
3.498748408038863090e-16
3.498437666453789526e-16
3.498017731646700997e-16
3.497484680711321333e-16
3.496834590741374859e-16
3.496063538830584418e-16
3.495167602072674336e-16
3.494142857561368935e-16
3.492985382390391060e-16
3.491691253653465036e-16
3.490256548444314693e-16
3.488677343856662875e-16
3.486950256957409384e-16
3.485074064706150502e-16
3.483048084035659961e-16
3.480871631878708534e-16
3.478544025168070448e-16
3.476064580836516475e-16
3.473432615816819361e-16
3.470647447041752345e-16
3.467708391444085708e-16
3.464614765956594168e-16
3.461365887512048004e-16
3.457961073043221444e-16
3.454399639482885259e-16
3.450680903763812688e-16
3.446804182818775492e-16
3.442768793580546910e-16
3.438574052981898208e-16
3.434219277955602131e-16
3.429703785434430440e-16
3.425026892351157359e-16
3.420187915638553170e-16
3.415186172229391604e-16
3.410020979056444420e-16
3.404691653052483379e-16
3.399197511150281719e-16
3.393537870282611201e-16
3.387712047382244076e-16
3.381719359381953584e-16
3.375559123214511484e-16
3.369230655812689537e-16
3.362733274109260487e-16
3.356066295036997575e-16
3.349229035528672066e-16
3.342220812517056214e-16
3.335040942934923749e-16
3.327688743715045447e-16
3.320163531790193559e-16
3.312464624093141325e-16
3.304591337556661490e-16
3.296543449260828446e-16
3.288322576874930072e-16
3.279930798215557865e-16
3.271370191099301349e-16
3.262642833342751034e-16
3.253750802762499897e-16
3.244696177175135983e-16
3.235481034397252267e-16
3.226107452245436796e-16
3.216577508536284024e-16
3.206893281086381504e-16
3.197056847712321226e-16
3.187070286230694192e-16
3.176935674458089435e-16
3.166655090211100424e-16
3.156230611306315697e-16
3.145664315560326750e-16
3.134958280789724095e-16
3.124114584811098735e-16
3.113135305441041674e-16
3.102022520496142929e-16
3.090778307792993504e-16
3.079404745148183910e-16
3.067903910378305644e-16
3.056277881299948723e-16
3.044528735729704150e-16
3.032658551484162437e-16
3.020669406379914587e-16
3.008563378233551111e-16
2.996342544861663012e-16
2.984008984080841295e-16
2.971564773707675483e-16
2.959011991558757073e-16
2.946352715450677070e-16
2.933589023200025983e-16
2.920722992623393831e-16
2.907756701537373097e-16
2.894692227758552810e-16
2.881531649103523977e-16
2.868277208178277149e-16
2.854931806746403542e-16
2.841498511360889484e-16
2.827980388574725739e-16
2.814380504940901102e-16
2.800701927012405351e-16
2.786947721342227771e-16
2.773120954483356170e-16
2.759224692988781806e-16
2.745262003411492485e-16
2.731235952304477001e-16
2.717149606220726119e-16
2.703006031713228137e-16
2.688808295334971850e-16
2.674559463638948023e-16
2.660262603178143968e-16
2.645920780505549959e-16
2.631537062174155281e-16
2.617114514736948234e-16
2.602656204746919090e-16
2.588165198757056641e-16
2.573644563320349682e-16
2.559097364989788484e-16
2.544526670318361346e-16
2.529935545859057062e-16
2.515327058164866396e-16
2.500704273788777156e-16
2.486070259283779121e-16
2.471428081202861576e-16
2.456780806099013807e-16
2.442131500525224608e-16
2.427483231034483264e-16
2.412839064179779554e-16
2.398202066514101285e-16
2.383575304590439716e-16
2.368961844961782652e-16
2.354364754181118887e-16
2.339787098801439680e-16
2.325231945375731850e-16
2.310702218146385184e-16
2.296200272113385551e-16
2.281728319966118827e-16
2.267288574393968918e-16
2.252883248086321700e-16
2.238514553732563049e-16
2.224184704022076869e-16
2.209895911644250516e-16
2.195650389288466909e-16
2.181450349644113403e-16
2.167298005400573656e-16
2.153195569247234038e-16
2.139145253873479685e-16
2.125149271968694995e-16
2.111209836222266337e-16
2.097329159323578602e-16
2.083509453962016680e-16
2.069752932826966448e-16
2.056061808607812797e-16
2.042438293993941355e-16
2.028884601674737015e-16
2.015402944339585158e-16
2.001995534677871170e-16
1.988664585378980432e-16
1.975412309132297836e-16
1.962240918627209011e-16
1.949152626553099095e-16
1.936149645599353471e-16
1.923234188455357523e-16
1.910408467810496387e-16
1.897674696354155200e-16
1.885035086775719347e-16
1.872491851764574209e-16
1.860047204010104926e-16
1.847703356201696632e-16
1.835462521028734958e-16
1.823326911180605535e-16
1.811298739346692514e-16
1.799380218216382016e-16
1.787573266362493812e-16
1.775878625891586695e-16
1.764296744793653598e-16
1.752828071058688193e-16
1.741473052676684153e-16
1.730232137637634163e-16
1.719105773931531650e-16
1.708094409548370780e-16
1.697198492478143497e-16
1.686418470710844709e-16
1.675754792236466854e-16
1.665207905045003358e-16
1.654778257126447401e-16
1.644466296470792901e-16
1.634272471068032792e-16
1.624197228908160499e-16
1.614241017981169447e-16
1.604404286277052817e-16
1.594687481785804281e-16
1.585091052497417017e-16
1.575615446401884206e-16
1.566261111489199519e-16
1.557028495749355890e-16
1.547918047172346744e-16
1.538930213748166000e-16
1.530065443466806344e-16
1.521324184318261449e-16
1.512706884292524741e-16
1.504213991379589398e-16
1.495845953569448601e-16
1.487603218852095775e-16
1.479486235217524592e-16
1.471495450655728232e-16
1.463631313156699874e-16
1.455894270710433436e-16
1.448284771306921360e-16
1.440803262936157563e-16
1.433450193588135471e-16
1.426226011252848017e-16
1.419130908103318584e-16
1.412164053044688650e-16
1.405324359165130143e-16
1.398610739552813514e-16
1.392022107295910938e-16
1.385557375482593356e-16
1.379215457201032451e-16
1.372995265539399658e-16
1.366895713585865673e-16
1.360915714428602671e-16
1.355054181155781842e-16
1.349310026855574373e-16
1.343682164616151948e-16
1.338169507525685261e-16
1.332770968672346981e-16
1.327485461144307065e-16
1.322311898029737687e-16
1.317249192416810036e-16
1.312296257393695795e-16
1.307452006048565905e-16
1.302715351469591802e-16
1.298085206744945169e-16
1.293560484962797193e-16
1.289140099211319558e-16
1.284822962578683205e-16
1.280607988153060063e-16
1.276494089022620827e-16
1.272480178275537181e-16
1.268565168999980313e-16
1.264747974284122150e-16
1.261027507216133883e-16
1.257402680884186700e-16
1.253872408376452037e-16
1.250435602781101082e-16
1.247091177186305765e-16
1.243838044680236780e-16
1.240675118351066550e-16
1.237601311286965277e-16
1.234615536576104890e-16
1.231716609810816900e-16
1.228902956600073860e-16
1.226172905057007658e-16
1.223524783294751169e-16
1.220956919426436774e-16
1.218467641565196610e-16
1.216055277824163304e-16
1.213718156316469484e-16
1.211454605155247286e-16
1.209262952453629092e-16
1.207141526324747775e-16
1.205088654881735225e-16
1.203102666237724317e-16
1.201181888505846940e-16
1.199324649799236460e-16
1.197529278231024521e-16
1.195794101914343750e-16
1.194117448962326775e-16
1.192497647488105733e-16
1.190933025604813005e-16
1.189421911425581711e-16
1.187962633063543741e-16
1.186553518631830984e-16
1.185192896243577053e-16
1.183879094011913591e-16
1.182610440049973472e-16
1.181385262470888586e-16
1.180201889387792053e-16
1.179058648913815763e-16
1.177953869162092343e-16
1.176885878245754175e-16
1.175853004277933888e-16
1.174853575371763617e-16
1.173885919640376235e-16
1.172948365196903387e-16
1.172039240154478439e-16
1.171156872626233033e-16
1.170299590725300538e-16
1.169465722564812349e-16
1.168653663691067899e-16
1.167862079383029647e-16
1.167089702352828337e-16
1.166335265312592741e-16
1.165597500974452615e-16
1.164875142050537225e-16
1.164166921252976574e-16
1.163471571293900172e-16
1.162787824885437285e-16
1.162114414739717670e-16
1.161450073568870837e-16
1.160793534085026297e-16
1.160143529000313562e-16
1.159498791026862388e-16
1.158858052876802287e-16
1.158220047262262769e-16
1.157583506895373099e-16
1.156947164488263281e-16
1.156309752753062579e-16
1.155670004401900750e-16
1.155026652146907305e-16
1.154378428700211756e-16
1.153724066773943612e-16
1.153062299080232385e-16
1.152391858331207833e-16
1.151711477238999466e-16
1.151019888515736548e-16
1.150315824873549084e-16
1.149598019024566337e-16
1.148865203680917819e-16
1.148116111554733287e-16
1.147349475358142252e-16
1.146564027803273978e-16
1.145758501602258716e-16
1.144931629467225237e-16
1.144082144110303545e-16
1.143208778243622903e-16
1.142310264579313317e-16
1.141385335829504051e-16
1.140432876886270702e-16
1.139452381361474449e-16
1.138443495046922312e-16
1.137405863734420818e-16
1.136339133215776985e-16
1.135242949282798327e-16
1.134116957727291369e-16
1.132960804341063871e-16
1.131774134915921374e-16
1.130556595243672375e-16
1.129307831116123155e-16
1.128027488325080733e-16
1.126715212662352376e-16
1.125370649919744362e-16
1.123993445889064945e-16
1.122583246362119911e-16
1.121139697130717019e-16
1.119662443986662796e-16
1.118151132721764508e-16
1.116605409127829173e-16
1.115024918996663320e-16
1.113409308120074706e-16
1.111758222289870104e-16
1.110071307297855918e-16
1.108348208935839784e-16
1.106588572995628598e-16
1.104792045269029009e-16
1.102958271547848654e-16
1.101086897623893935e-16
1.099177569288971996e-16
1.097229932334889978e-16
1.095243632553454902e-16
1.093218315736473541e-16
1.091153627675753160e-16
1.089049214163100285e-16
1.086904720990322554e-16
1.084719793949226615e-16
1.082494078831619365e-16
1.080227221429308069e-16
1.077919002789565499e-16
1.075569744981528416e-16
1.073179905329799457e-16
1.070749941158981012e-16
1.068280309793676087e-16
1.065771468558486825e-16
1.063223874778016480e-16
1.060637985776867194e-16
1.058014258879641604e-16
1.055353151410942594e-16
1.052655120695372676e-16
1.049920624057534363e-16
1.047150118822030415e-16
1.044344062313463223e-16
1.041502911856435792e-16
1.038627124775550389e-16
1.035717158395409897e-16
1.032773470040616829e-16
1.029796517035773822e-16
1.026786756705483389e-16
1.023744646374348537e-16
1.020670643366971408e-16
1.017565205007954762e-16
1.014428788621901236e-16
1.011261851533413713e-16
1.008064851067094705e-16
1.004838244547546358e-16
1.001582489299371922e-16
9.982980426471736654e-17
9.949853619155543472e-17
9.916449044291166041e-17
9.882771275124631958e-17
9.848824884901962657e-17
9.814614446869188200e-17
9.780144534272334953e-17
9.745419720357428046e-17
9.710444578370493846e-17
9.675223681557557483e-17
9.639761603164647787e-17
9.604063449840564089e-17
9.568136461845208671e-17
9.531988412841255549e-17
9.495627076491382437e-17
9.459060226458265813e-17
9.422295636404582161e-17
9.385341079993004261e-17
9.348204330886213526e-17
9.310893162746880273e-17
9.273415349237684680e-17
9.235778664021300764e-17
9.197990880760406236e-17
9.160059773117677578e-17
9.121993114755786341e-17
9.083798679337415167e-17
9.045484240525234375e-17
9.007057571981925375e-17
8.968526447370159718e-17
8.929898640352615118e-17
8.891181924591968054e-17
8.852384073750896239e-17
8.813512861492072458e-17
8.774576061478175656e-17
8.735581447371879848e-17
8.696536792835861514e-17
8.657449871532797137e-17
8.618328457125363195e-17
8.579180323276236170e-17
8.540013243648090078e-17
8.500834991903603864e-17
8.461653341705451543e-17
8.422476066716308365e-17
8.383310940598853274e-17
8.344165737015761518e-17
8.305048229629707114e-17
8.265966192103369007e-17
8.226927398099419979e-17
8.187939621280541443e-17
8.149010635309403715e-17
8.110147878853683532e-17
8.071357450601047556e-17
8.032645114244160241e-17
7.994016633475683574e-17
7.955477771988282009e-17
7.917034293474619999e-17
7.878691961627363229e-17
7.840456540139176153e-17
7.802333792702718293e-17
7.764329483010660265e-17
7.726449374755660360e-17
7.688699231630385495e-17
7.651084817327502589e-17
7.613611895539667467e-17
7.576286229959553211e-17
7.539113584279818109e-17
7.502099722193129081e-17
7.465250407392150580e-17
7.428571403569544593e-17
7.392068474417976806e-17
7.355747383630110440e-17
7.319613894898609947e-17
7.283673771916139782e-17
7.247932778375363164e-17
7.212396677968947011e-17
7.177071234389550847e-17
7.141962211329841590e-17
7.107075372482483692e-17
7.072416481540140374e-17
7.037991302195476090e-17
7.003805598141155292e-17
6.969865133069839968e-17
6.936175670674198269e-17
6.902742974646889718e-17
6.869572808680581234e-17
6.836670936467938501e-17
6.804043121701621043e-17
6.771695128074297010e-17
6.739632719278628390e-17
6.707860872804746919e-17
6.676381421332639906e-17
6.645195411339773034e-17
6.614303889303597197e-17
6.583707901701574382e-17
6.553408495011162876e-17
6.523406715709817271e-17
6.493703610274999554e-17
6.464300225184164314e-17
6.435197606914771075e-17
6.406396801944279356e-17
6.377898856750142516e-17
6.349704817809823775e-17
6.321815731600776491e-17
6.294232644600463882e-17
6.266956603286339308e-17
6.239988654135861056e-17
6.213329843626489881e-17
6.186981218235681606e-17
6.160943824440896986e-17
6.135218708719590610e-17
6.109806917549220768e-17
6.084709497407246982e-17
6.059927494771126306e-17
6.035461956118317031e-17
6.011313927926278676e-17
5.987484456672467067e-17
5.963974588834339258e-17
5.940785370889356005e-17
5.917917849314973129e-17
5.895373070588648921e-17
5.873152081187844133e-17
5.851255927590012125e-17
5.829685656272614882e-17
5.808442313713108229e-17
5.787526946388950454e-17
5.766940600777599846e-17
5.746684323356512227e-17
5.726759160603150818e-17
5.707165462860093935e-17
5.687900795930439443e-17
5.668962029482397842e-17
5.650346033184189491e-17
5.632049676704032285e-17
5.614069829710142884e-17
5.596403361870740416e-17
5.579047142854039076e-17
5.561998042328259225e-17
5.545252929961616907e-17
5.528808675422330633e-17
5.512662148378617064e-17
5.496810218498693479e-17
5.481249755450776538e-17
5.465977628903087834e-17
5.450990708523839098e-17
5.436285863981251305e-17
5.421859964943540501e-17
5.407709881078925197e-17
5.393832482055622669e-17
5.380224637541848347e-17
5.366883217205823207e-17
5.353805090715762061e-17
5.340987127739883420e-17
5.328426197946404561e-17
5.316119171003542762e-17
5.304062916579515302e-17
5.292254304342538841e-17
5.280690203960832507e-17
5.269367485102613577e-17
5.258283017436098713e-17
5.247433670629505809e-17
5.236816314351051526e-17
5.226427818268954376e-17
5.216265052051431019e-17
5.206324885366699965e-17
5.196604187882976645e-17
5.187099829268480801e-17
5.177808679191429094e-17
5.168727350505690715e-17
5.159851428807746819e-17
5.151176242879730477e-17
5.142697121503774138e-17
5.134409393462011490e-17
5.126308387536573750e-17
5.118389432509595837e-17
5.110647857163210202e-17
5.103078990279548682e-17
5.095678160640746195e-17
5.088440697028933959e-17
5.081361928226246892e-17
5.074437183014815598e-17
5.067661790176773144e-17
5.061031078494255066e-17
5.054540376749391349e-17
5.048185013724316912e-17
5.041960318201164823e-17
5.035861618962065684e-17
5.029884244789155647e-17
5.024023524464565314e-17
5.018274786770429603e-17
5.012633360488878501e-17
5.007094574402047542e-17
5.001653757292069178e-17
4.996306237941076478e-17
4.991047345131200660e-17
4.985872407644576643e-17
4.980776754263337495e-17
4.975755713769613820e-17
4.970804614945541150e-17
4.965918786573251939e-17
4.961093557434878023e-17
4.956324256312553085e-17
4.951606211988410196e-17
4.946934753244583039e-17
4.942305208863202834e-17
4.937712907626402650e-17
4.933153178316316787e-17
4.928621556623439156e-17
4.924114405871712578e-17
4.919628296293439481e-17
4.915159798120924145e-17
4.910705481586469614e-17
4.906261916922380784e-17
4.901825674360960083e-17
4.897393324134512407e-17
4.892961436475340185e-17
4.888526581615748312e-17
4.884085329788038599e-17
4.879634251224516560e-17
4.875169916157485854e-17
4.870688894819248297e-17
4.866187757442109398e-17
4.861663074258371586e-17
4.857111415500339757e-17
4.852529351400316957e-17
4.847913452190606846e-17
4.843260288103513088e-17
4.838566429371339344e-17
4.833828446226388660e-17
4.829042908900966547e-17
4.824206387627374201e-17
4.819315452637917134e-17
4.814366674164899007e-17
4.809356622440621634e-17
4.804281867697391758e-17
4.799138980167509344e-17
4.793924530083281751e-17
4.788635087677010175e-17
4.783267223180998280e-17
4.777817506827550959e-17
4.772282508848971259e-17
4.766658799477563457e-17
4.760942948945629983e-17
4.755131527485475732e-17
4.749221105329403749e-17
4.743208252709717696e-17
4.737089983517813688e-17
4.730865086281458880e-17
4.724532793187511031e-17
4.718092336422829133e-17
4.711542948174272176e-17
4.704883860628698538e-17
4.698114305972967824e-17
4.691233516393937795e-17
4.684240724078467442e-17
4.677135161213416372e-17
4.669916059985642960e-17
4.662582652582004967e-17
4.655134171189363848e-17
4.647569847994573665e-17
4.639888915184497723e-17
4.632090604945993781e-17
4.624174149465918982e-17
4.616138780931132933e-17
4.607983731528494627e-17
4.599708233444863054e-17
4.591311518867096591e-17
4.582792819982054228e-17
4.574151368976594341e-17
4.565386398037575921e-17
4.556497139351858576e-17
4.547482825106300682e-17
4.538342687487758148e-17
4.529075958683094280e-17
4.519681870879166220e-17
4.510159656262830496e-17
4.500508547020949180e-17
4.490727775340379414e-17
4.480816573407979575e-17
4.470774173410609269e-17
4.460599807535126872e-17
4.450292707968391992e-17
4.439852106897262388e-17
4.429277236508596435e-17
4.418567328989254357e-17
4.407722007916574267e-17
4.396742462429817539e-17
4.385630273058724672e-17
4.374387020333037392e-17
4.363014284782496197e-17
4.351513646936843432e-17
4.339886687325818977e-17
4.328134986479163944e-17
4.316260124926620063e-17
4.304263683197929062e-17
4.292147241822830822e-17
4.279912381331067071e-17
4.267560682252378922e-17
4.255093725116506872e-17
4.242513090453193881e-17
4.229820358792179214e-17
4.217017110663204600e-17
4.204104926596011767e-17
4.191085387120340595e-17
4.177960072765933431e-17
4.164730564062531386e-17
4.151398441539873724e-17
4.137965285727704639e-17
4.124432677155763395e-17
4.110802196353790489e-17
4.097075423851528881e-17
4.083253940178718452e-17
4.069339325865100315e-17
4.055333161440416199e-17
4.041237027434406599e-17
4.027052504376814477e-17
4.012781172797378482e-17
3.998424613225840957e-17
3.983984406191943016e-17
3.969462132225425772e-17
3.954859371856029720e-17
3.940177705613497205e-17
3.925418714027568725e-17
3.910583977627985392e-17
3.895675231367231287e-17
3.880694827888761130e-17
3.865645274258776308e-17
3.850529077543472663e-17
3.835348744809049114e-17
3.820106783121705818e-17
3.804805699547639845e-17
3.789448001153051352e-17
3.774036195004136178e-17
3.758572788167096942e-17
3.743060287708128252e-17
3.727501200693431495e-17
3.711898034189204360e-17
3.696253295261643920e-17
3.680569490976952179e-17
3.664849128401323743e-17
3.649094714600960615e-17
3.633308756642059870e-17
3.617493761590819812e-17
3.601652236513439362e-17
3.585786688476117443e-17
3.569899624545052977e-17
3.553993551786443035e-17
3.538070977266487772e-17
3.522134408051385495e-17
3.506186351207333891e-17
3.490229313800531883e-17
3.474265802897179008e-17
3.458298325563472956e-17
3.442329388865613264e-17
3.426361499869797006e-17
3.410397165642224336e-17
3.394438893249092942e-17
3.378489189756601748e-17
3.362550562230948440e-17
3.346625517738333175e-17
3.330716563344953641e-17
3.314826206117008759e-17
3.298956953120696836e-17
3.283111212136768128e-17
3.267290993804177000e-17
3.251498209476432236e-17
3.235734770507037070e-17
3.220002588249501518e-17
3.204303574057330048e-17
3.188639639284030209e-17
3.173012695283108319e-17
3.157424653408070078e-17
3.141877425012423037e-17
3.126372921449674745e-17
3.110913054073330287e-17
3.095499734236896595e-17
3.080134873293880604e-17
3.064820382597788630e-17
3.049558173502126991e-17
3.034350157360402621e-17
3.019198245526122452e-17
3.004104349352792801e-17
2.989070380193921219e-17
2.974098249403012174e-17
2.959189868333574448e-17
2.944347148339112509e-17
2.929572000773133907e-17
2.914866336989146191e-17
2.900232068340655680e-17
2.885671106181168073e-17
2.871185361864189688e-17
2.856776746743228691e-17
2.842447172171790167e-17
2.828198549503381664e-17
2.814032790091509501e-17
2.799951805289680611e-17
2.785957506451401310e-17
2.772051804930177609e-17
2.758236612079516747e-17
2.744513839252925044e-17
2.730885397803909739e-17
2.717353199085976843e-17
2.703918916613012934e-17
2.690583272540425640e-17
2.677346751184001311e-17
2.664209836859527528e-17
2.651173013882791257e-17
2.638236766569579155e-17
2.625401579235678497e-17
2.612667936196876555e-17
2.600036321768960295e-17
2.587507220267717299e-17
2.575081116008933916e-17
2.562758493308396804e-17
2.550539836481894161e-17
2.538425629845212336e-17
2.526416357714138911e-17
2.514512504404460235e-17
2.502714554231963890e-17
2.491022991512437150e-17
2.479438300561666671e-17
2.467960965695439113e-17
2.456591471229542363e-17
2.445330301479763389e-17
2.434177940761888538e-17
2.423134873391705702e-17
2.412201583685001846e-17
2.401378555957563319e-17
2.390666274525178010e-17
2.380065223703632887e-17
2.369575887808714297e-17
2.359198751156209514e-17
2.348934298061907045e-17
2.338783012841591698e-17
2.328745379811052288e-17
2.318821883286074856e-17
2.309013007582446984e-17
2.299319237015955328e-17
2.289741055902388087e-17
2.280278948557530995e-17
2.270933399297171324e-17
2.261704672153540928e-17
2.252592150024647509e-17
2.243594995524943965e-17
2.234712371268883194e-17
2.225943439870916554e-17
2.217287363945497559e-17
2.208743306107077874e-17
2.200310428970111322e-17
2.191987895149048643e-17
2.183774867258344278e-17
2.175670507912448657e-17
2.167673979725815913e-17
2.159784445312897710e-17
2.152001067288146639e-17
2.144323008266015905e-17
2.136749430860957174e-17
2.129279497687423344e-17
2.121912371359866697e-17
2.114647214492740131e-17
2.107483189700495619e-17
2.100419459597585751e-17
2.093455186798463426e-17
2.086589533917580617e-17
2.079821663569390530e-17
2.073150738368345138e-17
2.066575920928897032e-17
2.060096373865499110e-17
2.053711259792603036e-17
2.047419741324662018e-17
2.041220981076128337e-17
2.035114141661454275e-17
2.029098385695093037e-17
2.023172875791496290e-17
2.017336774565116931e-17
2.011589244630407550e-17
2.005929448601820430e-17
2.000356549093807851e-17
1.994869708720823020e-17
1.989468090097317910e-17
1.984150762035680617e-17
1.978916418140038484e-17
1.973763658212457132e-17
1.968691082054998177e-17
1.963697289469726008e-17
1.958780880258704705e-17
1.953940454223997117e-17
1.949174611167667325e-17
1.944481950891778486e-17
1.939861073198394987e-17
1.935310577889579678e-17
1.930829064767396947e-17
1.926415133633909643e-17
1.922067384291180922e-17
1.917784416541276098e-17
1.913564830186257710e-17
1.909407225028189223e-17
1.905310200869134410e-17
1.901272357511157351e-17
1.897292294756320896e-17
1.893368612406689432e-17
1.889499910264325808e-17
1.885684788131294414e-17
1.881921845809658097e-17
1.878209683101480938e-17
1.874546899808826710e-17
1.870932095733758877e-17
1.867363870678340597e-17
1.863840824444635949e-17
1.860361556834708398e-17
1.856924667650622025e-17
1.853528756694439371e-17
1.850172423768224823e-17
1.846854268674041848e-17
1.843572891213954216e-17
1.840326891190025086e-17
1.837114868404319153e-17
1.833935422658898342e-17
1.830787153755827658e-17
1.827668708991023309e-17
1.824578925635816484e-17
1.821516688455390497e-17
1.818480882214928972e-17
1.815470391679616150e-17
1.812484101614635653e-17
1.809520896785172338e-17
1.806579661956408287e-17
1.803659281893528050e-17
1.800758641361716173e-17
1.797876625126155972e-17
1.795012117952030763e-17
1.792164004604525710e-17
1.789331169848822895e-17
1.786512498450107792e-17
1.783706875173563099e-17
1.780913184784373672e-17
1.778130312047722519e-17
1.775357141728793263e-17
1.772592558592771069e-17
1.769835447404838328e-17
1.767084692930179587e-17
1.764339179933979087e-17
1.761597793181419834e-17
1.758859417437685761e-17
1.756122937467961107e-17
1.753387238037429805e-17
1.750651203911275169e-17
1.747913719854681439e-17
1.745173670632832239e-17
1.742429941010911808e-17
1.739681415754103155e-17
1.736926979627591444e-17
1.734165517396559064e-17
1.731395913826190565e-17
1.728617053681670186e-17
1.725827821728180627e-17
1.723027102730907359e-17
1.720213781455032466e-17
1.717386865664140587e-17
1.714545855115412414e-17
1.711690372564430579e-17
1.708820040766774323e-17
1.705934482478026588e-17
1.703033320453767231e-17
1.700116177449577960e-17
1.697182676221040483e-17
1.694232439523734966e-17
1.691265090113243117e-17
1.688280250745146336e-17
1.685277544175025096e-17
1.682256593158462030e-17
1.679217020451036073e-17
1.676158448808330472e-17
1.673080500985925085e-17
1.669982799739401930e-17
1.666864967824341480e-17
1.663726627996325443e-17
1.660567403010934910e-17
1.657386915623750973e-17
1.654184788590354722e-17
1.650960644666327249e-17
1.647714106607249645e-17
1.644444797168703617e-17
1.641152339106270566e-17
1.637836355175530348e-17
1.634496468132065597e-17
1.631132300731456479e-17
1.627743475729284394e-17
1.624329615881131048e-17
1.620890343942577226e-17
1.617425282669203709e-17
1.613934054816592206e-17
1.610416283140324116e-17
1.606871590395979913e-17
1.603299599339141614e-17
1.599699932725389076e-17
1.596072213310304933e-17
1.592416176329398120e-17
1.588732006937893270e-17
1.585020002770942861e-17
1.581280461463699678e-17
1.577513680651316816e-17
1.573719957968946753e-17
1.569899591051742582e-17
1.566052877534857398e-17
1.562180115053443062e-17
1.558281601242653285e-17
1.554357633737640852e-17
1.550408510173557934e-17
1.546434528185557623e-17
1.542435985408792399e-17
1.538413179478415971e-17
1.534366408029580510e-17
1.530295968697439109e-17
1.526202159117144245e-17
1.522085276923848706e-17
1.517945619752705893e-17
1.513783485238867975e-17
1.509599171017487740e-17
1.505392974723718589e-17
1.501165193992712999e-17
1.496916126459623757e-17
1.492646069759603649e-17
1.488355321527805461e-17
1.484044179399381978e-17
1.479712941009486295e-17
1.475361903993270889e-17
1.470991365985888855e-17
1.466601624622492671e-17
1.462192977538235738e-17
1.457765722368270226e-17
1.453320156747748922e-17
1.448856578311825227e-17
1.444375284695651312e-17
1.439876573534380269e-17
1.435360742463165194e-17
1.430828136966823629e-17
1.426279293928834303e-17
1.421714798082341009e-17
1.417135234160487232e-17
1.412541186896416766e-17
1.407933241023273713e-17
1.403311981274200941e-17
1.398677992382343168e-17
1.394031859080843264e-17
1.389374166102845330e-17
1.384705498181493159e-17
1.380026440049930391e-17
1.375337576441300665e-17
1.370639492088747775e-17
1.365932771725415515e-17
1.361218000084447060e-17
1.356495761898986822e-17
1.351766641902178439e-17
1.347031224827165089e-17
1.342290095407091335e-17
1.337543838375100047e-17
1.332793038464335172e-17
1.328038280407940812e-17
1.323280148939060143e-17
1.318519228790837268e-17
1.313756104696415826e-17
1.308991361388939456e-17
1.304225583601551798e-17
1.299459356067396799e-17
1.294693263519617944e-17
1.289927890691359335e-17
1.285163822315763996e-17
1.280401643125976336e-17
1.275641937855139685e-17
1.270885291236397839e-17
1.266132288002894589e-17
1.261383512887773730e-17
1.256639550624178593e-17
1.251900985945253280e-17
1.247168388647879864e-17
1.242442268783894472e-17
1.237723121468871663e-17
1.233011441818386304e-17
1.228307724948012649e-17
1.223612465973326028e-17
1.218926160009900230e-17
1.214249302173310586e-17
1.209582387579131347e-17
1.204925911342937383e-17
1.200280368580302944e-17
1.195646254406803362e-17
1.191024063938012426e-17
1.186414292289505466e-17
1.181817434576856735e-17
1.177233985915641255e-17
1.172664441421433123e-17
1.168109296209807516e-17
1.163569045396338532e-17
1.159044184096601348e-17
1.154535207426170369e-17
1.150042610500619847e-17
1.145566888435525267e-17
1.141108536346460572e-17
1.136668049349000785e-17
1.132245922558720158e-17
1.127842651091193867e-17
1.123458730061996011e-17
1.119094654586701610e-17
1.114750919780885226e-17
1.110428020760121265e-17
1.106126452639984594e-17
1.101846710536049928e-17
1.097589289563891827e-17
1.093354684839084543e-17
1.089143391477203406e-17
1.084955904593822360e-17
1.080792719304516582e-17
1.076654330724860477e-17
1.072541168297206660e-17
1.068453398771019344e-17
1.064391123222541260e-17
1.060354442728013597e-17
1.056343458363679393e-17
1.052358271205780300e-17
1.048398982330559201e-17
